7.878153439456628
7.809277769638783
6.0228366942692135
4.970977501458084
4.485562692823458
4.041386828077706
3.707481143283129
3.4387328922153872
3.205828729420972
3.0004777362027895
2.8147845092876596
2.6429249639398895
2.4851291660168933
2.338179726237433
2.2113508253885645
2.0871789730367056
1.9793664630327388
1.8769192618512651
1.7840494268949285
1.6964714514005867
1.616606576816924
1.5377697879511976
1.4658080617830118
1.4029842117061915
1.3433997734344516
1.2815461805696409
1.2200710730814175
1.1649215472529533
1.1154655825531525
1.0651166155859484
1.0196783103626577
0.9733351664140237
0.9312659219263146
0.8902136130891712
0.8573195668919026
0.8229475481080507
0.7891429897915806
0.7617384871104083
0.7297523205560671
0.6956078530686741
0.6707935314026964
0.644424033620841
0.621319858570195
0.5976378678545475
0.5747657595818167
0.5554862601405319
0.5332340146078178
0.5152971544771769
0.4964556921921224
0.48085865578114645
0.4636775833526818
0.44838632382275617
0.4299525678791462
0.4184779888939843
0.40481783565204815
0.3906937794090712
0.38171585860316687
0.37051787621991517
0.3590990040334144
0.3491892811088579
0.3382509705921185
0.33107322718629506
0.3178871551177781
0.3136833204635896
0.30609134013196077
0.29923142872810743
0.29150204611537806
0.2862509641890425
0.2818620793381959
0.2746278422418181
0.26946847578759925
0.26171285880033995
0.25831907358783646
0.2546155843139105
0.249806288541848
0.24452675275849614
0.24126035231692672
0.2377560009987243
0.2370960228680859
0.2332248759197018
0.22854362125920222
0.22621248365663565
0.22437241303657646
0.22254358963801332
0.22093875423716652
0.21733054878950317
0.21809168473226495
0.21651016036506726
0.2148680537354632
0.2141918500728107
0.21054204021012932
0.20999218389350374
0.20932334079427983
0.20977650101511988
0.20771057798670023
0.20641238916518437
0.20789404273205397
0.20553158687822778
0.20401171524533157
0.20773584742722193
