0.6479835868782468
0.20846144437789918
0.08701445133354929
0.06244013752539953
0.048649457666940156
0.03999377518627378
0.03632549891869227
0.03745723239911927
0.025910697737667295
0.027578014119631716
0.025574770736694338
0.027044799809654553
0.020446824075033267
0.020075487876103984
0.023739806498421563
0.01890602883456482
0.02525866783608993
0.016001563022575445
0.01637865331644813
0.021261581649879614
0.016762081674072477
0.01753998084275259
0.013849247609285844
0.017378854468713203
0.01619720539169179
0.01297236663111382
0.012258989769199657
0.011894125487034519
0.015643447981567846
0.018127067134529353
0.010419198631453845
0.009618503021324675
0.014790137473824952
0.009100108962547447
0.012265786008867952
0.010891699008809196
0.009391798080545332
0.015613205206021667
0.008588753296310703
0.009612164211004144
0.008467010598277881
0.009845510843882544
0.012402811250628696
0.012930328453290793
0.008629073698218498
0.007196042009091212
0.009306911547192268
0.00992201060673429
0.006427319573383364
0.011569802170453801
0.007521369351860549
0.008222226995002064
0.010404246467155301
0.00782584362582614
0.00432945472188294
0.003646674767912676
0.008796362905069771
0.010235850678736136
0.009365896257261435
0.007712947818295409
0.005138222585763368
0.003878124625587629
0.009353387929012792
0.00992307651185741
0.006804851743496126
0.004334024269889212
0.006913696877710107
0.010228340594936162
0.007251281467462994
0.004396403035190371
0.004428710303621159
0.010761841225530953
0.007308259149361402
0.0026204643253068855
0.0009250095632056602
0.0006987157116644084
0.013089893849395837
0.013415351665082077
0.004102625165351977
0.0036124833480817163
0.005415018155953536
0.005732604312441415
0.004203920182896157
0.007857618992692895
0.004864625412251593
0.0044743526823197806
0.007140214892807934
0.0034038570356762243
0.00358605968825933
0.003343820645189327
0.008485800338795202
0.005389647643883816
0.0029698564469465053
0.007501057235834499
0.005950574937012667
0.004775787883407126
0.00430077507160604
0.002438967380684335
0.0006164531292445544
0.0002421480833617453
