0.8894
0.8992
0.9044
0.9052
0.909
0.9134
0.9088
0.9186
0.9148
0.9098
0.92
0.915
0.9178
0.9172
0.9198
0.9108
0.912
0.9192
0.9076
0.9172
0.9252
0.921
0.9246
0.9244
0.9234
0.9252
0.9176
0.921
0.9154
0.924
0.9228
0.9148
0.9214
0.9276
0.922
0.9206
0.9228
0.9156
0.9238
0.9272
0.923
0.9144
0.9228
0.9198
0.9276
0.9226
0.9216
0.9226
0.9264
0.9238
0.9258
0.9268
0.9206
0.9278
0.9258
0.9268
0.9202
0.9162
0.9212
0.9266
0.9312
0.9254
0.9248
0.9192
0.9204
0.9248
0.9206
0.9246
0.9286
0.9266
0.9208
0.9308
0.9298
0.9298
0.9358
0.9256
0.9196
0.9232
0.9284
0.924
0.92
0.9226
0.92
0.92
0.9168
0.925
0.9268
0.93
0.9258
0.9202
0.9198
0.9274
0.9198
0.926
0.92
0.9278
0.9174
0.9284
0.937
0.9358
