1.044858422944712
0.9475576190061348
0.837689763042942
0.763848123389117
0.7347627322719162
0.7159419687303378
0.6972480492662426
0.6825921423591469
0.6745606515422684
0.6617020481484637
0.6513280754613574
0.647835983786472
0.6358527063567341
0.6337385949070308
0.6082876419920246
0.5994217034374181
0.5944980551778136
0.5877220981972918
0.567956858709549
0.5719764243220679
0.5488707453201488
0.5384788090280448
0.5154835607738374
0.5225532565762074
0.508244678233189
0.49652167931671626
0.4763177022369417
0.46142904274559426
0.44136286739567115
0.44477386555258364
0.43575993184055384
0.4185491736041063
0.4037622837385214
0.3933465016820718
0.3962890106830234
0.382988007552528
0.3735976568740216
0.3558524741682895
0.3523002959709087
0.339320143206679
0.3355790057595638
0.34108719704771145
0.3205938401736366
0.3160304440756429
0.2961860465448956
0.2874369341525669
0.2865628855929062
0.29063688814009975
0.28797277900179646
0.259723341112157
0.2600678950737193
0.24077201844773888
0.2582411495878127
0.23950158793628845
0.24096763832120513
0.23427664490129177
0.23093475380609202
0.22937776432480922
0.22237921275245714
0.217280085369094
0.21851030515061876
0.20655922352889627
0.20929098008298974
0.20923281250241946
0.1851662108056389
0.1992681939052477
0.18584431155287437
0.18542836266894674
0.18091784614841228
0.17434111694956936
0.1693675484516152
0.1688142805724517
0.15956029449658465
0.16139623738242506
0.15526314789850668
0.15865580433266863
0.14869588375343581
0.15756224403925728
0.14723650065839416
0.14010741254491987
0.14526041279887547
0.14788935925441363
0.15118041504765162
0.14091151759942036
0.13686011320188737
0.12580040072033824
0.14456958165884523
0.13647490001380067
0.12855552485326885
0.13360856412329078
0.1282667249882196
0.1238011833981278
0.11934867549144189
0.11978947259406963
0.11946005580541195
0.12263163344552602
0.11888969984165458
0.11577936581022896
0.11007532822657337
0.11144793930819877
