0.6297709923664122
0.683206106870229
0.7022900763358778
0.7175572519083969
0.7366412213740458
0.7442748091603053
0.7557251908396947
0.7557251908396947
0.7595419847328244
0.7633587786259542
0.7709923664122137
0.7786259541984732
0.7786259541984732
0.7824427480916031
0.7862595419847328
0.7709923664122137
0.7824427480916031
0.7824427480916031
0.7824427480916031
0.7862595419847328
0.7900763358778626
0.7900763358778626
0.7900763358778626
0.7786259541984732
0.7862595419847328
0.7900763358778626
0.7862595419847328
0.7824427480916031
0.8015267175572519
0.8015267175572519
0.7862595419847328
0.7938931297709924
0.8053435114503816
0.7938931297709924
0.7938931297709924
0.7977099236641222
0.7824427480916031
0.7900763358778626
0.7938931297709924
0.7900763358778626
0.7900763358778626
0.7977099236641222
0.7977099236641222
0.7977099236641222
0.7862595419847328
0.7938931297709924
0.7862595419847328
0.7938931297709924
0.8015267175572519
0.7938931297709924
0.7977099236641222
0.8091603053435115
0.7938931297709924
0.7900763358778626
0.7862595419847328
0.7977099236641222
0.8015267175572519
0.7977099236641222
0.8129770992366412
0.8015267175572519
0.7938931297709924
0.8015267175572519
0.7938931297709924
0.7938931297709924
0.8015267175572519
0.7900763358778626
0.8015267175572519
0.8053435114503816
0.7938931297709924
0.8015267175572519
0.7900763358778626
0.7977099236641222
0.7977099236641222
0.7938931297709924
0.7938931297709924
0.8015267175572519
0.7824427480916031
0.7748091603053435
0.7824427480916031
0.8091603053435115
0.7977099236641222
0.7977099236641222
0.8015267175572519
0.8053435114503816
0.7862595419847328
0.7977099236641222
0.7938931297709924
0.8053435114503816
0.8053435114503816
0.7862595419847328
0.7977099236641222
0.8015267175572519
0.8053435114503816
0.7900763358778626
0.7786259541984732
0.7786259541984732
0.7977099236641222
0.7977099236641222
0.7862595419847328
0.7862595419847328
