1.8075993531545003
1.5339436752955118
1.3648475938796998
1.2536964775085448
1.1689076940536498
1.1061348655700685
1.0485720047208997
1.0031743806627063
0.9579489206631978
0.9153496683014763
0.8676041317198011
0.8348653753916423
0.7918662403000726
0.7608163234392802
0.7260616067462498
0.6902613955709669
0.6537244932757483
0.6164285670810276
0.5825766402986314
0.5530360728634728
0.5209853433397081
0.4864071550793118
0.45855621599091423
0.4266812103536394
0.39665491024653116
0.37299744107458327
0.34982794584698146
0.33165718936920163
0.30839998337427776
0.28885500685373944
0.26681921183798046
0.24410601795514425
0.2356435545285543
0.22537519329653846
0.20778068846066794
0.20028343422677783
0.18632219473520914
0.17096441571447585
0.1671996265888214
0.158113789513376
0.1518205429289076
0.14871399971908994
0.13933322926097447
0.13135614375538296
0.13205140792528788
0.1239054181098938
0.11913615258534749
0.11824278766579098
0.11671481183767318
0.11064395456314087
0.10251164378987418
0.0958110862493515
0.10232140702009201
0.09855789710150825
0.10089369470940696
0.09363237116336823
0.08974076116018825
0.08687725428740184
0.08860464485817485
0.0871835518611802
0.07836722700794538
0.08397935121854146
0.07919381068911817
0.07240302151176664
0.07376135591930813
0.0775203048619959
0.07408424190282821
0.07085732222663031
0.07089485277665986
0.07254211795727412
0.06833064935240481
0.06598113755120172
0.06306513604323069
0.06466686613559723
0.06443492509590255
0.06345127002762424
0.06138988456974427
0.0640399665342437
0.06088182704183791
0.05591082048747274
0.057340641638967724
0.0560893897096316
0.06027402366664675
0.05526811898416943
0.0521556124177244
0.054624739578035146
0.052420970486270056
0.05219657248655955
0.05188291810817189
0.052654555292924246
0.05059753921230634
0.04884776655385892
0.04805547213157018
0.051143083642588724
0.048451881956723
0.04412629005776511
0.04659911873870426
0.04590371940682332
0.046386503570609625
0.04810486218068335
