0.409
0.483
0.5568
0.5806
0.5958
0.6178
0.6274
0.6394
0.6438
0.6564
0.6514
0.6744
0.672
0.6902
0.6874
0.6804
0.696
0.7026
0.6968
0.7024
0.704
0.7
0.7042
0.6932
0.6952
0.6962
0.6992
0.7036
0.6942
0.7016
0.705
0.7018
0.7086
0.703
0.7038
0.7004
0.6984
0.7058
0.698
0.7036
0.6988
0.709
0.7078
0.708
0.7122
0.7064
0.7036
0.7006
0.7032
0.7028
0.7022
0.7052
0.7134
0.7132
0.7096
0.7036
0.713
0.7022
0.7068
0.7062
0.7108
0.711
0.7088
0.7034
0.7202
0.7108
0.7106
0.711
0.7102
0.7088
0.7006
0.7076
0.7154
0.709
0.7028
0.71
0.7092
0.7104
0.704
0.707
0.721
0.7182
0.7152
0.7054
0.706
0.7126
0.7032
0.708
0.7086
0.7128
0.707
0.7166
0.7054
0.7056
0.7094
0.7104
0.7054
0.7088
0.7126
0.711
