5.488718305198109
4.456927781225456
3.9702953886429637
3.6158395469422464
3.3309215209213905
3.087862555982159
2.879272440053522
2.6878762377733243
2.5210049190270567
2.3654762562345115
2.219074852425734
2.0945947523136095
1.9717614621360788
1.8666929060632083
1.7645333815382178
1.6756070009374098
1.5877463426657557
1.5084473808035013
1.4328525952181221
1.359725223473145
1.2935986012837632
1.230589235783739
1.171292594337483
1.1189113324403615
1.0685035434361787
1.0179274211396274
0.9690060132402748
0.9274018214023393
0.8837591346994382
0.8438451371316464
0.8061022925633635
0.770359801411883
0.7319171773909965
0.7031734717886405
0.6712622529966311
0.6392893232648702
0.6147822914871289
0.5878309360451867
0.5647177537926901
0.5407122916371596
0.5182721822600826
0.4937376282929242
0.4747606699962392
0.45622460594760783
0.4383077366357167
0.4198300240229799
0.4025637493371094
0.3894094978108964
0.3684850787210881
0.3543769501091723
0.33796632393752685
0.3285234419369184
0.3167328985667742
0.3035803096038111
0.29084746793516403
0.2788860361377412
0.270372746523188
0.2622187848210638
0.2533653112617845
0.24601543578615637
0.23529922407458057
0.22861212988301466
0.2184325665869175
0.21503437054636704
0.2081480020272554
0.20157128842485375
0.19762879324147603
0.1901345001163867
0.18157175557978433
0.1765113023827403
0.1737567866237091
0.16886493364378613
0.16511724035483813
0.15965839906443194
0.15759682940992184
0.15173977511710451
0.14870657711074822
0.14526230389857123
0.13959469479906464
0.13479743875460098
0.13458192323615906
0.13050878506010533
0.12622336758704258
0.12408215192215233
0.12306983717519533
0.11881791054382218
0.11745561241025952
0.11654890136242012
0.11117954172518522
0.11124850937433124
0.11042789118563752
0.1045837690390486
0.10366032039596046
0.10479687996168167
0.10341995802328532
0.09839990938274971
0.09814965561788991
0.0963078107717405
0.09453062507118405
0.0911953709660722
