5.4776639549548305
4.482778135386434
4.019811116893613
3.673883435715174
3.396281462366005
3.158497680958571
2.9470110577742314
2.761735904457104
2.5934546489573833
2.441210711953038
2.2940572457493014
2.1624975118667926
2.034591104883719
1.9201715399867398
1.8151082065816937
1.7233956053474688
1.6320653621060943
1.5419340425271633
1.4698182281358174
1.3995661273314655
1.3323108302064683
1.2616406293833387
1.1941172090341536
1.1339578112182453
1.0744802327836231
1.0172532410801445
0.9724231312122035
0.9210142555424166
0.8747344042682634
0.8271061124090793
0.7903356117341914
0.7497668937735553
0.7119240641228914
0.6765382342475793
0.6450066597319548
0.6155567518725396
0.5833976975068791
0.5598040821434076
0.5305708356092451
0.5051736971182069
0.48488145229071306
0.45901739491044813
0.433302210731938
0.40977698748781716
0.3863092486448686
0.3701297606928608
0.3484906474092351
0.3303701094014182
0.31524848327556415
0.30172169090459544
0.28558150615046096
0.27819814017970573
0.26310286210292483
0.25106146067600327
0.23764751531859926
0.22842221696493442
0.21898008373460298
0.2135753262328452
0.20061635316445628
0.19506844007945526
0.1901485872300052
0.18226664590198224
0.17371555628738325
0.16749252953383267
0.1637739540184573
0.1561649419956367
0.15124656143330711
0.1476402449908169
0.14385522564497955
0.13801484445859352
0.13120043473681572
0.13033819740112268
0.12526082152857437
0.11955088339112856
0.11944847530744643
0.11365324837130455
0.1122618374425444
0.10800263190767986
0.10651303974603074
0.10502056165468948
0.10044099037305237
0.09838335894533709
0.09503938581058567
0.0931359177909913
0.09395183668554091
0.09207114098181024
0.08711902589643518
0.08911953741493715
0.08661074890583181
0.08317325323787303
0.08315595149927762
0.08091492526787389
0.07915056622769462
0.07949139688978879
0.07778116731734562
0.07591643645900095
0.07613588303587995
0.07282339174769266
0.07142493787065823
0.06995974146014237
