5.386026722036504
4.3422680679719745
3.8841092942676925
3.53666588655237
3.2620637739040172
3.020542848202889
2.803263542796989
2.608995610993538
2.4412630937108153
2.2902363627412843
2.158537556150123
2.0331479019384737
1.9056485114303974
1.7936190835773218
1.6946192991542428
1.6048269388656495
1.5163249856203658
1.4277412933467597
1.3553636566389946
1.28202677043349
1.2149256550789143
1.1480734014366742
1.0838262633095177
1.0285426500469788
0.9710860385755659
0.9236856013206296
0.8762255316179945
0.8308367790009752
0.783779708316516
0.7471348826632417
0.7103297742039963
0.6765676268275095
0.6378312555515929
0.60622712301263
0.5723632934813997
0.5478591676597658
0.5198901788057484
0.4960158661552333
0.4718190986966345
0.45173064055523526
0.4294652541413537
0.40734647367802473
0.3895668711438688
0.37341290789871723
0.3572638653537112
0.33938505486918114
0.32621081790772816
0.31013412074844876
0.29942687617512714
0.2900984403678246
0.2739495248887205
0.26687141203904097
0.2546938911448455
0.24629475604974746
0.23479947933323128
0.22516380454597704
0.2191747436983689
0.21439297790415132
0.20632308326379106
0.19474272019912509
0.1894037877243769
0.18650427831789668
0.17967527961543117
0.17452573219386888
0.1690360789384565
0.16510897073534592
0.16081968667343857
0.15334627683417545
0.1509289315628766
0.14895823085933732
0.14051372841613705
0.13943099910938705
0.13532043775743638
0.1335823774831979
0.13157695719583523
0.1286506839227276
0.12562870512680138
0.12200409661767521
0.11553877881871467
0.11591857353115512
0.11323963684171309
0.11070158678943699
0.10821413645068506
0.10739591700571341
0.10611897991220536
0.10273500677304037
0.10242740753370347
0.10140738297331515
0.09897024401989757
0.09523264215812462
0.09601328777966894
0.09201893745993646
0.09225746906864694
0.09197490694275465
0.09049570219532176
0.08866565070058444
0.08756237832636722
0.08544211146465756
0.08571080267526758
0.08480118868131335
