4.87822851757054
3.8291680138740913
3.261141928656582
2.838656447327966
2.5028173848191995
2.2213166000378286
1.9835040634926717
1.7871520160800254
1.6050108775936351
1.4463337411295152
1.311173400563596
1.1907500716321426
1.0817632356989633
0.9778641477049829
0.885996982940236
0.7955890563225324
0.7158698116331167
0.644878979816675
0.5842556288809472
0.5316375665315896
0.4836674396332892
0.44032167472129335
0.3980480240137441
0.3570083756375844
0.3262362936303365
0.29612639698348664
0.270329077031315
0.24516807804198798
0.22619537361925404
0.2050567439292107
0.19200608608998787
0.17842137686119253
0.1667791114817452
0.15538632781029174
0.14622690224389343
0.1366522701298601
0.132053950603987
0.12445649008759364
0.1200214353840095
0.11514344645028005
0.11005988243785554
0.10526527238816591
0.09841544497590252
0.09513024241988226
0.09267327153456316
0.08738888727774927
0.08565120361227564
0.08342673337135867
0.08038760202749769
0.07856552601350192
0.07694390244632784
0.0740794957689964
0.07152157296427043
0.07001401080390357
0.06820572403679385
0.06741798057065859
0.06575135166539502
0.06393519530442825
0.06396402093659845
0.06195552399800331
0.05894645102830154
0.059790392797513345
0.058720134126635994
0.05696729724939795
0.057343699360239545
0.056479580109293145
0.05466300466829146
0.05698995243585964
0.05482688721256296
0.05165598465469759
0.05244031378038488
0.050441698489756444
0.05088108806760462
0.05016818957688216
0.049024066235363865
0.04836706433951217
0.04817422516708405
0.046771719746921195
0.04675965359181869
0.044670535814213666
0.044008087676405794
0.043567842101927025
0.04576214203717523
0.045200623822053906
0.04487061272720374
0.04475220323566609
0.04142603737361786
0.042353751838988034
0.04194178813778139
0.04175602387784804
0.040626291948208694
0.03970572992281097
0.040275513297739596
0.04151627698218938
0.03891088815850319
0.038965511011755785
0.03903325137115186
0.03846255325891889
0.037356939854974826
0.036639637614269756
