5.469604311564878
4.49494444143581
4.032055046146114
3.695215834480663
3.4321790172319933
3.205853263288275
2.9994519552360632
2.814259264676346
2.64972726360188
2.5027299355650148
2.360028128363774
2.220802671622403
2.1020561661500774
1.9891067743547473
1.886197742711716
1.7863920850024733
1.6949591440203955
1.6100085946998945
1.5292399601804114
1.4572467172104009
1.383917192701446
1.3086304740199348
1.2406183894261484
1.1819093891350965
1.1219344745973083
1.0732965748332892
1.0133066118924197
0.9618883161725914
0.9134402337774294
0.8671388623289221
0.8297414312029314
0.7854285194925404
0.7497326649634696
0.7097064237391835
0.673796350940132
0.6368955428229714
0.6033063969713096
0.5734604243710735
0.5453124457576406
0.5120408761889298
0.4917675474253474
0.46745046506086846
0.4414635737335773
0.4203798629834131
0.4008051555354843
0.3826460499881156
0.3640893897442712
0.3446730496709824
0.32946089462654676
0.31363605623088814
0.3031094699481813
0.2867652963477033
0.2721553143665737
0.26331786202201574
0.24795794432041676
0.23367240031936218
0.22478322640880619
0.21615832232885734
0.20923567385502662
0.19894071119794976
0.18970207465717848
0.18555554561739918
0.17669901512688832
0.17021758321164882
0.16311283671952512
0.16149428064592
0.15059096651850412
0.15028596900135374
0.14269678780128095
0.13871832367506726
0.13506676504069445
0.1289264218192062
0.1296857476166764
0.12314812235084582
0.11851249834134132
0.11747826627070959
0.1135096544281816
0.11146272556660308
0.1084193988726069
0.10649846423552417
0.10320316898796536
0.10052431935645312
0.09539215396562956
0.09388398927025282
0.0927632701387304
0.09219300655329875
0.09022130415372631
0.08847399267432679
0.08652559639148423
0.08278217323166448
0.08090057627183293
0.0815455423785812
0.0790733725082716
0.07894226684161533
0.07644246349342283
0.07393860750693436
0.07558630904322365
0.07436906268437846
0.07150198964128188
0.07029427591087624
