6.273363376479102
5.097175653857013
4.672240535891213
4.367728364350323
4.133183967892452
3.9406191914389828
3.7753038730213175
3.624088916891433
3.4899309767684565
3.3658483826859
3.2522434558000897
3.147482553122582
3.051469446089856
2.9557834749891794
2.8682108626742657
2.783051643156344
2.697658047905433
2.6217776001881874
2.5475527529361153
2.4744136670266887
2.4054505487749256
2.3378649175450077
2.2716224646195897
2.20897261896096
2.148886582318729
2.0931763334660802
2.0397875445482776
1.9832897653338881
1.9310626616327364
1.886470108877757
1.832914593780327
1.7869221980742527
1.746506710886865
1.7008730884691907
1.6642052151418099
1.6223077169921782
1.5805366948295148
1.542642643141138
1.5059075114617597
1.4672861681714207
1.4300263341628274
1.3961184332574677
1.362097497272006
1.328913316783775
1.299554333965391
1.2667604812094015
1.2401814264054556
1.2083172290986135
1.18178571840938
1.1523518201563812
1.1289511126808494
1.1030184276551183
1.0782859707160835
1.0473417588137615
1.0249120118485457
1.002012459430627
0.9798049394999729
0.9584246877854389
0.9335423802456705
0.9115176006627659
0.8892292933520485
0.8699732878301999
0.8515707768029737
0.8302983460878789
0.8135196323024179
0.7926094202101867
0.7764130319082704
0.7634344133598744
0.7409817769652854
0.7223947403977728
0.7048300651204501
0.6939852575497298
0.6773782108410468
0.6625928171273806
0.6506938401450476
0.6349576930429917
0.6183301798493308
0.6061245783448818
0.5929284911447141
0.5781369121910692
0.5669425445877496
0.5489821608122502
0.5449949457491945
0.5270801519497389
0.5207106551468302
0.5103076008858983
0.4953146164420794
0.48721008219205775
0.47644942000211987
0.4688418730760174
0.45602064633606504
0.44950925976269707
0.43749464503348773
0.4245289897837495
0.4163652033511946
0.4096365953055898
0.39972722038974257
0.3933861549178018
0.3836374914780262
0.38096925534340254
