1.0485610078807612
0.9784188230748408
0.9052144867169176
0.8468582864039544
0.8127471412715146
0.7895335537182604
0.7800496344838536
0.761765231793829
0.7489028074776648
0.7456311829246376
0.7245850240957409
0.7207344905518578
0.7066609337264337
0.6980483918563004
0.6902015584719862
0.6816847356378906
0.6745358889753168
0.6726747408225723
0.6607947428181106
0.6460793648411305
0.6323447332069687
0.6287341266303436
0.6069365242570953
0.6074737246394409
0.5931910617911035
0.5882904644496345
0.5748433123431297
0.5569688470116629
0.5587833530807091
0.542458010601947
0.5475427566068621
0.5246396799672229
0.5167151391128153
0.5037609905823592
0.4977399753213685
0.4894403667581006
0.4817743753530006
0.4714580016710794
0.45181353190484563
0.45337143982691697
0.4362301105676695
0.42810433319204705
0.4259128490411706
0.4163821737811631
0.40230640518236865
0.39191264070365694
0.3885580488289638
0.38374371488300996
0.3892710258038301
0.3537134110675554
0.3499296834050475
0.34754808107843865
0.34221257608990335
0.3366525793932457
0.3268753590341854
0.3223317053680944
0.32027323732416424
0.31398940376197054
0.30115046774610155
0.29581131480208916
0.28813822007330475
0.2838813945808572
0.2741177463380277
0.2692841685851583
0.25897259101051107
0.26278679241085656
0.251539700215261
0.2520540340002193
0.23817913810748126
0.24135326661216785
0.24716264448004596
0.22582602546280583
0.22453850612327866
0.2208940211990671
0.2207043413632012
0.22139786813274245
0.2101547983181653
0.20032171235276075
0.20905587766437653
0.18800187677964095
0.202771960977016
0.19374710678676219
0.1796467596582328
0.18345678041651686
0.18787603578028164
0.17748902118105214
0.16966374388582864
0.17027270292378882
0.17385899372257088
0.16072785713203866
0.15507767165816108
0.15744074903759342
0.15792772735904184
0.1474942809935604
0.15412516715536662
0.14390558534898415
0.1486954139604629
0.1442292513038341
0.13295898655504304
0.14403875783306347
