0.5572519083969466
0.7175572519083969
0.6755725190839694
0.6793893129770993
0.6755725190839694
0.683206106870229
0.6870229007633588
0.6946564885496184
0.6984732824427481
0.7022900763358778
0.6946564885496184
0.6984732824427481
0.6908396946564885
0.6984732824427481
0.7022900763358778
0.6946564885496184
0.7099236641221374
0.7137404580152672
0.7099236641221374
0.7137404580152672
0.7137404580152672
0.7290076335877863
0.732824427480916
0.7213740458015268
0.732824427480916
0.7404580152671756
0.7404580152671756
0.7404580152671756
0.7480916030534351
0.7519083969465649
0.7442748091603053
0.7519083969465649
0.7366412213740458
0.7404580152671756
0.7519083969465649
0.7404580152671756
0.7480916030534351
0.7519083969465649
0.7595419847328244
0.7557251908396947
0.7633587786259542
0.7595419847328244
0.767175572519084
0.767175572519084
0.7595419847328244
0.7519083969465649
0.7557251908396947
0.7633587786259542
0.7709923664122137
0.7595419847328244
0.7633587786259542
0.767175572519084
0.7595419847328244
0.7557251908396947
0.7557251908396947
0.7519083969465649
0.7709923664122137
0.7633587786259542
0.7748091603053435
0.767175572519084
0.7748091603053435
0.7748091603053435
0.7519083969465649
0.767175572519084
0.7709923664122137
0.7824427480916031
0.7862595419847328
0.7748091603053435
0.7786259541984732
0.7748091603053435
0.7709923664122137
0.7748091603053435
0.767175572519084
0.7633587786259542
0.767175572519084
0.7786259541984732
0.7557251908396947
0.767175572519084
0.7709923664122137
0.767175572519084
0.7709923664122137
0.7633587786259542
0.7480916030534351
0.7709923664122137
0.7748091603053435
0.7519083969465649
0.7748091603053435
0.7748091603053435
0.7900763358778626
0.767175572519084
0.7786259541984732
0.7557251908396947
0.7709923664122137
0.7786259541984732
0.7595419847328244
0.7938931297709924
0.7786259541984732
0.7862595419847328
0.767175572519084
0.7519083969465649
