5.454801594949364
4.50273623329015
4.021055254532319
3.6669032821256295
3.385649083773448
3.1440352416453567
2.9314003653333707
2.742615713138406
2.5679861338888466
2.4116702435604433
2.265415104538118
2.132068775988475
2.0099270327539247
1.8955604835000508
1.7948172658421435
1.6962038802237667
1.6090641518973898
1.5274423300863125
1.4510408257335672
1.376138239137191
1.3049231479740977
1.2395763628572884
1.177150191357137
1.1217808294901621
1.063043176073796
1.014985129828792
0.964498461281237
0.9215453490517485
0.8738834133276483
0.8308090447583858
0.7919919512120625
0.7548838686542765
0.7147755468161561
0.6809053553585782
0.6502103598281226
0.6197528234359805
0.5836888783990922
0.5574066065559939
0.5280030124950154
0.5058112840527621
0.4860185286236393
0.463233433252174
0.44468658583669746
0.42302501204244236
0.403002584652871
0.38435552414048607
0.37058618363498746
0.35109075709028026
0.3385086325177641
0.3201178619701528
0.3068956360697689
0.2926072535123442
0.27775349592980847
0.27004993866483384
0.261924256848951
0.25109100114121735
0.23897097234229117
0.2282241958957418
0.21925471508118666
0.21062842225695005
0.1997841584273767
0.19562443727388365
0.1905735375006299
0.17948665009561723
0.17675383785005275
0.1699120746496756
0.16504408228779202
0.16073300606201826
0.15318244196531458
0.14696332388334163
0.14312667538885043
0.13990737068704784
0.1362560756900827
0.1295588716240671
0.12690383014546974
0.12581081043700468
0.12421294992258632
0.11944156232522785
0.11757872284672703
0.11324751150173937
0.10903192180231483
0.10802248271160006
0.10496961879061092
0.1030215350270829
0.10250824531784432
0.09790066637069055
0.09619900404390334
0.09530919997500514
0.09447968299353574
0.09207877947091503
0.08919318965854398
0.08706023170467475
0.08638666565290651
0.08425877820594029
0.08475527697212229
0.08241576102903107
0.0807029828437553
0.07893146758550865
0.0774799194113871
0.0755509387338782
