1.040395464100747
0.9518377578283718
0.8611760409639452
0.7905503309806357
0.7474538860058936
0.7128145838892737
0.6964145490533453
0.6856719231756747
0.6736727776537486
0.6547120400765482
0.6524284794769126
0.6247371816735943
0.626316449657303
0.6114040220010608
0.6026019915969881
0.5811870492790012
0.5769400755144325
0.565495271536563
0.544075836490123
0.538737337508615
0.5232532687469467
0.5077527345360964
0.49815743428204073
0.48006073667433496
0.4746408877866717
0.4546785658308114
0.44347854887960325
0.4277080474393816
0.42229322520169343
0.3908130894503684
0.389106262536684
0.38511702686737254
0.3583911379346384
0.3474349058203667
0.3511488615836452
0.33182128498972596
0.3214607724679701
0.3101509720276072
0.2998171350920679
0.2962836603281614
0.28073405284458186
0.27232411754559765
0.2704975377681643
0.251738422189152
0.2450841157179302
0.2318534176899061
0.232181829025075
0.2187464662132505
0.2093665824884088
0.2153275322460473
0.20114799114160758
0.1998638077719771
0.19325683515117234
0.18826386341332885
0.18145372072435584
0.17690427758224922
0.16897517803103423
0.165333673729705
0.1571158750742737
0.1553407850023556
0.1519928174845512
0.14709490271753792
0.1551551590762229
0.13871139073724725
0.1408286203415651
0.1277842844515472
0.12223301865081707
0.12105800212059666
0.11039309607499749
0.11682556285414585
0.11794871290944847
0.10898320066248388
0.11531391710862045
0.11286903760901969
0.09960293699268559
0.09988443741838725
0.10935700093464922
0.10281943378942461
0.09556864525248586
0.09312414140706335
0.09790670758321976
0.09807930378278769
0.0894406046852249
0.08851132579384093
0.08845883546117496
0.08283007432240008
0.08392745344003713
0.07310068388065878
0.0805987363952915
0.08905932249276885
0.07344600839607307
0.07490037431424566
0.06792508776419763
0.06369043264782202
0.07347619497309779
0.06746772251093866
0.07960503729528907
0.07533202037750793
0.07629869278465215
0.06502378109771656
