5.477798852196729
4.553291676238539
4.12627977239842
3.7941089590229202
3.520910957564525
3.294980586801402
3.09948252073086
2.926590331216102
2.7579000896017343
2.6058775092126054
2.4630747413812433
2.3335114984480176
2.2079907515040285
2.0776704342015995
1.9729047365348715
1.8698346846480827
1.7732421631315312
1.6849622133387954
1.5991854123334912
1.51277053184735
1.4319041274061945
1.3536634998829113
1.2858548685523818
1.217322417741172
1.1515430122939962
1.0958385720827506
1.0457522727696211
0.9827807099252543
0.9293085474284839
0.8777774913234063
0.8275654275960508
0.7806617740677809
0.7303991023601557
0.6936874981091141
0.6503386750847033
0.6130152700084014
0.5804703553899767
0.543923830188109
0.5088928576753898
0.4770820643159402
0.4534627325898978
0.4246906361623451
0.39746681706982306
0.3773457281209971
0.3519141913544104
0.3305029625152923
0.30863293681183757
0.29243090509986924
0.27504336621402375
0.25827881130470937
0.24575068183160736
0.2315701194979578
0.21857083267704353
0.20879241546951371
0.19750447399201146
0.1883144083066361
0.1816964978782188
0.17144260811736411
0.16544662817552874
0.15728172992620082
0.14895792791220913
0.1444027901625265
0.13693468180329155
0.13115783337510592
0.1278747800951145
0.12423758251354255
0.12239368051149016
0.11703976670631659
0.11149114902288712
0.11027661705902157
0.10704549740691569
0.10180110489539579
0.09988415374355282
0.09689742539595533
0.09612694572046505
0.09252090016781754
0.08899564941838636
0.08458536446554887
0.08349641756091987
0.08062081196801854
0.08219687700648928
0.07846464992117047
0.07825483008809037
0.07576283088227817
0.07426846686253108
0.07289314237516482
0.07047390782492893
0.07155989287390987
0.07020086167408539
0.06747889833027922
0.0652063671902062
0.06497732070415314
0.06331286487744199
0.06308908215480735
0.062232675452559706
0.059997402542459576
0.06118762557780776
0.05901948591340624
0.05982662095075455
0.05701282328902252
